1e-10 864000.000000 0 60 5000 50 0 0
0.142000 1 1 1 
3
/tmp/tmp8o671m3z/pre.vels
2.956820
1
0.896370
1
/tmp/tmpo9ftik5y/post.vels
-7.740690
1
2.189750
1
/tmp/tmpj9oetiaa/carm.vels
-0.163730
1
1.636350
1
3
1.771795 2.02083905 0.47890256 194.382587 325.175589 90.000000 0.000000 0.000000
1 1 1 1 1 0 0 0
2.025964 3.05993634 0.25695522 111.338274 128.910287 90.000000 0.000000 0.000000
1 1 1 1 1 0 0 0
1.475025 4.65665596 0.30983833 227.252854 187.569934 90.000000 0.000000 0.000000
1 1 1 1 1 0 0 0
0.000000000000000
0
0.000000000000000
0
2452986.60196
0
